33.300000  -116.847200
32.700000  -116.847200
32.700000  -124.047200
33.000000  -124.047200
33.000000  -124.647200
33.600000  -124.647200
33.600000  -123.447200
33.900000  -123.447200
33.900000  -123.147200
34.200000  -123.147200
34.200000  -121.347200
34.500000  -121.347200
34.500000  -120.447200
34.800000  -120.447200
34.800000  -118.947200
34.500000  -118.947200
34.500000  -118.647200
34.200000  -118.647200
34.200000  -118.047200
33.900000  -118.047200
33.900000  -117.447200
33.300000  -117.447200
33.300000  -117.147200
33.600000  -117.147200
